127 20
42 20
167 20
175 20
76 20
162 20
95 20
78 20
52 20
206 20
1000 25
60 25
168 25
259 25
139 25
71 25
104 25
108 25
120 25
49 25
45 30
92 30
75 30
59 30
1000 30
88 30
61 30
97 30
134 30
38 30
210 35
138 35
125 35
224 35
115 35
146 35
37 35
47 35
59 35
50 35
61 40
64 40
215 40
63 40
73 40
82 40
88 40
239 40
108 40
70 40
56 45
96 45
74 45
53 45
110 45
48 45
121 45
128 45
45 45
163 45
49 50
79 50
118 50
84 50
504 50
52 50
654 50
233 50
52 50
42 50
441 55
125 55
34 55
105 55
85 55
100 55
42 55
70 55
68 55
100 55
164 60
41 60
165 60
198 60
218 60
115 60
156 60
57 60
75 60
192 60
75 65
132 65
106 65
74 65
39 65
73 65
131 65
69 65
117 65
175 65
42 70
236 70
60 70
80 70
43 70
50 70
96 70
44 70
57 70
60 70
295 75
291 75
122 75
93 75
35 75
536 75
107 75
83 75
239 75
48 75
